0.359127455832277
0.431420408153083
0.519602896436495
0.691129572296
0.442211312040499
0.388584308094468
0.608147417646677
0.624576679215522
0.659670498713447
0.480558141834274
0.651483939361521
0.612672973582189
0.406266253980729
0.316323936985039
0.419514385571486
0.395056764200847
0.634598258581083
0.648011267254515
0.20438119125697
0.359393416590098
0.524292113171202
0.475245957847699
0.45660278531229
0.519413657166445
0.642793927765735
0.332934844733378
0.728512447066596
0.641828608221119
0.4297012481095
0.401820892532166
0.523610856624163
0.47658575363292
0.524819934387846
0.434875671168998
0.388088509854476
0.482435985877
0.326357380717168
0.627526246519325
0.513115031621113
0.6968168385138
0.498802793987732
0.309620682507579
0.701729222657179
0.324653983248467
0.367318787133216
0.534443442577375
0.547908184132167
0.494317454350055
0.349408310822758
0.262522475739475
0.466161095165432
0.621785846959232
0.544663511087546
0.495152527382353
0.611363095587909
0.551468347029584
0.357312938874845
0.474084802239343
0.53289315538822
0.547420514940315
0.634811454253887
0.151298307288504
0.611225771651605
0.654458629185655
0.483035154829455
0.721421935196765
0.483846469653911
0.537189000839258
0.611308141446867
0.556057463698408
0.755660445428994
0.582094549372711
0.523455802803265
0.361766168930498
0.416232368161495
0.62176600402099
0.482691969660315
0.539583118316831
0.492411185144106
0.552506083595495
0.319064066088912
0.398228041507642
0.327138426744849
0.511876954099307
0.671861194114246
0.411724072685431
0.291981818033402
0.636338451182076
0.382209455081699
0.613349440315484
0.469809122008763
0.507990686719691
0.387040263533788
0.350370828925113
0.610050005572755
0.42903105805047
0.543287609194857
0.386730088292757
0.757912494338387
0.53613374058805
