0.130112578461041
0.261400632040528
0.207381931428326
0.245679960535501
0.111791642111502
0.275643857565707
0.045719241345264
0.0564315530366197
0.0776909471284723
0.141966382846665
0.151277649974914
0.209409099006022
0.234856032726451
0.177094041852938
0.192329058766496
0.159104185675506
0.108464314585877
0.0708711166505744
0.396421315758482
0.314938622952361
0.136459729292398
0.110210218733828
0.229371210356531
0.111202604688504
0.269672290798329
0.0852915787576018
0.197721686598627
0.353478645627867
0.136642763347383
0.185553703061148
0.179857182209732
0.0725210197964189
0.034792694191295
0.22453445724282
0.0784277421739818
0.117419410299084
0.096164378390893
0.0497756567595597
0.17713810465676
0.0308115072301609
0.187680158993651
0.119429940665502
0.214399316988839
0.495660378258089
0.179123779865492
0.23173210619649
0.206592815283255
0.180511031169576
0.252701978338549
0.12369790802433
0.131538506639412
0.0445829269084324
0.166878966636531
0.108447474561901
0.334709469358089
0.218988479238898
0.126450920730069
0.219939537091171
0.244516422578322
0.131226968137319
0.0749102080582467
0.300432806347672
0.0917998689973873
0.282633570435479
0.0576647642329641
0.166945035971566
0.186226079385974
0.156084841729065
0.21402461215898
0.118533571633502
0.313251113683921
0.0412809111403464
0.286075320079794
0.0704340478243748
0.278135844529209
0.188594883269995
0.349340692644166
0.169024704411232
0.147474170654337
0.055739827095571
0.238133987466498
0.340662974347255
0.282490135974045
0.257599362158107
0.276769871974272
0.247680383401921
0.316634553230052
0.000940196929488403
0.153862641092409
0.0873917641310796
0.215010819570031
0.284024793991758
0.163547701033179
0.193761962732897
0.0590697073540944
0.166655707241625
0.183622319007142
0.243588744827492
0.233341364524219
0.237180152889027
