0.55716600557327
0.12247318977156
0.545353536282791
0.421250172760164
0.678527301610491
0.525164946988608
0.247475484564976
0.237785983251247
0.615858471899675
0.416136520679548
0.326569080273476
0.645043903892297
0.471570924993097
0.536002589079853
0.388656427136773
0.516891343056285
0.260087460573357
0.588137111326299
0.618341352303265
0.562218941802904
0.386200815927378
0.492099908537274
0.41314316491811
0.466005740992402
0.356633506336455
0.463737421353869
0.504146961285118
0.418278864824645
0.561042746404184
0.404283115970716
0.235644109548533
0.211651960009488
0.357183047513249
0.633984825552054
0.377189747067105
0.349717736526892
0.414612871235197
0.473040380208059
0.266227653777455
0.313087130227694
0.471157141758206
0.355288515115097
0.425055029139452
0.434585750160833
0.424199484678282
0.331089537630376
0.51158171465472
0.469613568975596
0.478140086665739
0.476208061256418
0.698255000730931
0.534863341535502
0.636283413133639
0.479240616442038
0.406135972290646
0.303660950704233
0.205044553327227
0.101195848356083
0.523392126414705
0.556558459474402
0.479218915107384
0.586712664274066
0.362637256476222
0.440869566179717
0.396770827995831
0.471792155384989
0.516006044380705
0.42504822071731
0.471240824958363
0.132088253858878
0.418010120370104
0.446161748559514
0.431356694697374
0.164431866522746
0.624985810687971
0.397699112546997
0.518230218490262
0.446579129843813
0.457038951422866
0.340882307468243
0.68195780556131
0.569774605953637
0.328469865485528
0.178149857544788
0.633260619582894
0.339930147685168
0.592852870666901
0.608899299795852
0.340498664768481
0.536759921705316
0.234755605610015
0.224242018498676
0.34989467158453
0.436604985374503
0.541427904682274
0.444292260077575
0.251129462917641
0.23655316503684
0.429421546672199
0.333029262020805
