0.49604017411636
0.483307745049478
0.557902195950684
0.476058323172217
0.299374361756879
0.11966219193296
0.504735746676133
0.35541928096661
0.294766781279366
0.530185339658777
0.526649441569487
0.427663293090732
0.438614740115674
0.453556620279975
0.500384642629759
0.514321366680942
0.504946618207572
0.311039366690723
0.534648764483862
0.46350711915948
0.380176013233239
0.445446285689039
0.579559302913674
0.434559555910742
0.582650293897936
0.545468496149352
0.578534242238879
0.550563609835059
0.312377260768982
0.567789307633907
0.435217452531136
0.364716066565716
0.396334214034194
0.177813270487047
0.497809741752677
0.544582959935442
0.536704262965627
0.473047983306351
0.563731646355121
0.459829126052322
0.524809145372536
0.397641845597153
0.278573913187553
0.492529688393441
0.454125855972068
0.361743340079366
0.38818664965673
0.305572188737839
0.325714644973891
0.312157181180029
0.38328778006987
0.379149462842596
0.316871163074584
0.683519288153256
0.644624754293484
0.3753592106855
0.525825380974448
0.449585071916902
0.649362855755041
0.436765770752045
0.485714383579228
0.566994598447135
0.548143775726715
0.442004506397359
0.557628686941007
0.521214069494916
0.422289422434449
0.59080626319858
0.232406986244099
0.629849816491332
0.456403970906855
0.591973004258222
0.412255386654611
0.314324759939607
0.530249686460889
0.439915583604871
0.567996862532091
0.4737510189754
0.447959488566747
0.166935718235511
0.453783436878022
0.522205407214262
0.588710228210771
0.406547937166849
0.532404804467063
0.577897616906699
0.550618411370792
0.359176741426249
0.396737891220238
0.512600769159819
0.422913535423134
0.374712902959245
0.464126737409435
0.596640156884513
0.6455425213364
0.4199107506267
0.467731942297325
0.411152178743456
0.312186720568357
0.405797260983603
