0.38405581992183
0.168566721222995
0.343640954872818
0.120212320413074
0.441828208570653
0.322242552247271
0.52705435792289
0.460321084347337
0.440842888066215
0.616783262544209
0.282488952438699
0.238966285397869
0.484974377299195
0.388647174904101
0.185463046270536
0.543347583950113
0.331955965267837
0.488584298202359
0.153857997024502
0.49708640982607
0.273320153615859
0.401181336360513
0.392934835282108
0.371540731981184
0.609670835806267
0.190833391214718
0.540258833121761
0.509798819125535
0.354426733614927
0.378965888337554
0.757316262794007
0.456990577534543
0.464100663259764
0.129462073295404
0.521548961840144
0.253530585468732
0.196660503468802
0.563059330517917
0.299691641650918
0.370845437371952
0.555998676267158
0.424797941163889
0.286270583246391
0.696162393735487
0.683722111732652
0.591369370860411
0.365723796862807
0.473589341127755
0.402445548719844
0.330410428496279
0.248739570530178
0.264962332579988
0.546139986659626
0.507495497995723
0.567592585962339
0.545626834628905
0.513511061730499
0.673289958878895
0.608852105669491
0.48259693842548
0.397512992109684
0.384401555915691
0.587425758039487
0.609339524404656
0.362140589847965
0.264318851810075
0.101127309701157
0.598092877366762
0.57837437340974
0.475428741271298
0.319961807149212
0.650527371447075
0.488393006857328
0.437178827263011
0.49981251884501
0.496862861964136
0.247078901879033
0.529342424898581
0.406934540084562
0.356768456827232
0.482172572630665
0.427876258472676
0.394382413836914
0.651357960440009
0.348004630583591
0.661985789605413
0.444051075511051
0.369179650832052
0.191009306295418
0.480591363624599
0.433576864361012
0.232812198957852
0.262883978970485
0.398798209542001
0.31809128811217
0.435966134025892
0.439512477149193
0.479264532011904
0.545846262296576
0.441514575845219
