0.185267602395084
0.342269018173054
0.508555779073656
0.589451989834275
0.506771250347606
0.389309370239814
0.458326961702829
0.390520461471815
0.356992685492704
0.583841967346956
0.43693540941333
0.647689168661106
0.703745514498706
0.156723988444646
0.271383784151331
0.307545249609628
0.353117461227591
0.32094018942311
0.585881560928587
0.333752999832517
0.271404526447998
0.348007610957276
0.564339357898432
0.515339101044918
0.547614575977441
0.29954467820788
0.406962944507914
0.419303758141976
0.562157534422212
0.312057882457718
0.369408749818233
0.725319746019512
0.379351968627777
0.274789817479735
0.412164176160074
0.543041257307804
0.431348393249595
0.55057972155641
0.410123452088946
0.241281567983922
0.630661278506973
0.158432455288429
0.454014774833191
0.367339838498012
0.534024099533811
0.461444412088911
0.573238322206063
0.395942908166181
0.530359450264972
0.542585426489037
0.305963824202761
0.714266223111619
0.443575843586681
0.592132148799967
0.301542564574205
0.435610180935964
0.445710564538341
0.499416850025921
0.332971221143731
0.486040377650208
0.296425760459899
0.492916825066589
0.48794534741742
0.343450993640234
0.518327259196828
0.664057334236972
0.565023542944508
0.204479867398527
0.222289256094372
0.463295016599792
0.38680634539214
0.350093385875986
0.422659146263835
0.419845857615493
0.478252256299077
0.426806864371984
0.402435136048811
0.48596663777293
0.396251595316744
0.445702802142052
0.552141656753517
0.604829037859249
0.449462472147402
0.428333090069052
0.494971044343305
0.500478180796682
0.618968012204423
0.667247396535553
0.442150640784426
0.400535548224667
0.466739958247237
0.414560639385547
0.1661000868238
0.198339075901106
0.38477300667836
0.4148386773068
0.294142336651491
0.59013176075802
0.459323266833235
0.39219356542633
