5.69489919694402e-06
0.00203674652296897
0.147764994480095
0.00444353790146303
0.0725945744726857
0.0395193953601942
2.27640983077436e-05
0.0278628500773523
0.00185803295418363
6.38360221891079e-06
0.0290664874748985
3.47880758606032e-05
0.0594634420315668
0.000745748658636917
0.0127347297087983
0.0248782692431512
0.0141489371897348
0.00430118519915978
0.0213414743001839
0.0214669757098939
0.00852031433743373
0.0415307398903291
0.0072761618019525
0.021197905357469
0.0300478665211242
0.0239880144846889
0.00297263121051163
0.0104492389932949
0.000415653965535969
0.0383127362469328
0.00987496433055465
0.0128507297006323
0.0221622187522852
0.000621053272223466
0.0528885328595149
0.00837398879070004
0.0168512175868614
0.036813010607082
0.0340528135037093
0.196783472853047
0.00758284061786729
0.034883583681096
3.78050062318202e-06
0.0402343081054605
0.000337970570148377
0.051434660363077
0.0265327894794133
0.0139443726629602
0.00851955648682488
0.00672838707509507
0.000787031360079131
0.0552741296141484
1.71895319335464e-05
0.038629276251258
0.0560312839588897
0.017918081160053
0.00327842867592911
0.016241831548697
0.0104281122700494
0.069838683624607
0.0309931272256985
0.056605357220241
0.000231575043446485
1.06675876358779e-06
5.34205763164309e-08
0.00696136082738777
0.00490722128296199
0.0764754388780991
0.0231616905697617
5.91306863097474e-06
0.00524114158735155
0.000306781053478876
0.00497027468995419
0.00687533328292065
0.00453938267049698
0.0215930647089616
0.00179249520272048
0.0401419950539524
0.0193992255003985
0.101505846743705
0.000675051213006997
0.00965802226603607
4.88105908503576e-05
0.0206359627182177
0.0101125155409518
0.00863266254528008
0.125515018112919
0.00532479390885401
0.0431820239738904
0.0167162021691353
0.0926751441097746
0.0214842145172681
0.055130883511003
0.0312306495650094
0.0270245937227525
0.126356198073512
0.0569657581422318
0.00761295893372944
0.000597555258449494
0.000145978394182385
