0.00308724886200338
0.0510374686384858
0.00350345962587857
0.00461978000135421
0.0239835194295104
0.0110370139328593
0.0159029571661513
0.00263376376479048
0.00477544137864074
0.134936759988903
0.0501769354278437
0.0188595752454478
0.00349843312874533
0.0120716008314922
0.00441621082689054
0.000231162450460368
0.0161615990656999
0.0560055018368604
0.0166256283171837
0.0801040100036515
0.0132606246272723
0.00804782076511213
0.00528063569744689
0.0369373745706816
0.0079110970438626
7.31836444594924e-05
0.0439237725001131
0.0892741622184709
0.036344215094124
0.0139899227035086
0.000355426709541539
0.000995073582419768
0.0260461566823541
0.0592465597761026
0.0669709310568241
0.00830558020438943
0.0580055749161516
0.000352008392852468
0.0201770564807733
0.0155797567876937
0.000680487379065171
0.023946226864921
0.0377017234682151
0.00475809444152519
0.00265891926651386
0.000400675275376501
0.00406103093903838
0.027605030524139
3.57300716671742e-05
0.000507433594100906
0.00157404007246918
0.0419813553792754
0.00876600411979415
0.0122690436455371
0.0163894230084438
9.62475015140175e-05
0.0735162777879436
0.0252792990009822
0.00113961608909826
0.00115430237773533
0.0570482080648418
0.00160113568632681
0.0331009502283686
0.000791321743963939
0.0219345408152964
0.0025364569672847
0.0136232346241629
0.00891919999638192
0.00380033111031352
0.00231069498838607
0.0414029676337225
0.0328638350622664
0.0308146487570655
0.0139509657438471
0.0273998753040287
0.0141415480096547
0.00314907010113936
0.000644333866238886
0.0093611866891192
0.00065405553570377
0.000265899813495251
0.010865122380325
0.0285188315602129
0.000159840081433544
0.0499741936317858
0.0304743699231838
0.0010056179015666
4.94621659061668e-05
0.0718578215926414
0.0834073205103467
0.000824270042903147
0.00672749737843285
0.010943878491385
0.0122344647726499
0.0314404326020083
0.00539136672725087
0.00169814153242833
0.0346205476944462
0.0168342624844847
0.0103441808832629
