7.30541068988779e-05
0.00125848699197262
0.00662198180233011
0.00598702984199634
0.000468438261781804
0.024411431416236
0.083828738988216
2.22782186109374e-05
0.00857389171635901
0.000977912209695996
0.0352435051521873
0.011248252841427
0.0063676270246393
3.1961918345569e-07
0.0335696297323324
0.0102677319496884
0.000672159860462241
0.0455262902058811
0.0202980184369554
0.0699799716610546
0.039006948864655
0.0236544571272585
0.0192574408593302
0.0162741567459042
0.0550414421410826
0.00160774486150261
0.0170168744127976
0.0125021004695043
0.0538379891104339
0.0047537416508404
0.00160349692068042
0.000669240454884052
0.0013978406121255
0.0154855723657677
0.0124946913912951
0.039575327643567
0.000970004659970141
0.0308461708643888
2.09914714035085e-05
0.0176190487328775
0.00622102173696222
0.00109087215523365
0.029157932922005
0.135573809018944
0.062065595016901
0.00545884102300367
0.00122931058532489
0.031879634592597
0.00136913643348652
0.0201541334135267
0.000242336386074035
0.0146437625350902
0.000580133209619196
0.0539589663367536
0.027444434388005
0.0466997285044346
0.0251055932200049
0.022706577465433
0.0258287165553977
0.0563075246329344
0.0251846798201077
0.0834916942794682
0.0338576304067128
0.00903922902427606
0.0808793188978199
0.101810267739447
5.34560572443231e-05
0.0230113480423199
0.0341999288146203
0.000249448861523379
0.000406233372924913
0.00809810498096853
0.0307832262361636
0.117235028696263
0.00073733231250689
0.0112736425117542
0.00394480859658163
0.000475359224558267
0.00131942444402088
0.000524320460021763
0.0330193612002318
0.0169514208413709
0.0100997273929476
0.0188626300652843
0.0299842273410741
0.0471957559453692
0.0146367023856465
0.0446408698673648
0.0500663532280991
0.0693366878138278
0.0477613358310416
0.0041537126860475
0.0242940120530884
0.0063060791634884
0.0229130496414515
0.077410443889075
0.0512441797627737
0.184959001619202
0.000274034236886666
0.124833248497177
