0.0441769138635766
0.000868772677514058
0.00311077629603003
0.00695984521991233
0.0441519567562111
0.0212485056602131
0.013705316312902
0.000177049596854502
0.09368047532081
0.0336277143416256
0.0572480081418008
0.00455815940922487
0.00108260569991254
0.0193198648844215
0.0430806998999429
0.00689054217709654
0.0253130655787217
0.01789331077989
7.21857221140998e-06
0.0188174767697805
0.0569668535042103
0.0105335462063176
0.00268055327192058
0.0257392158843438
0.0101935511943444
0.0599146917951474
0.00453303381745884
0.0570871410024471
0.118340247016146
0.141672864962797
0.0493153338744273
0.0872899838417263
0.0193295463563977
0.000387706587787932
0.000898619525009318
0.00421842450297543
0.00610253020480805
0.105738750170488
0.00863875678136219
0.0123598464042331
0.00457524747240158
0.00686291492776004
0.0494185586131724
0.00352883803328369
0.0107439705105584
0.00625745466091657
0.00323630383282791
0.00388868161346949
0.00499337267782225
0.00881225639450983
0.00189427600126815
0.00154132302926916
0.0028543026315329
0.0452765777719333
0.000265314338462435
0.0908834054403157
0.00370050255496006
0.00626824532019055
0.0377241653102314
0.0453750151245574
0.0105156649976793
0.00777107866046856
0.0128216386224337
0.00160224590790247
0.00781570503454015
0.0318770708118087
0.0659836468841784
0.00196886916414345
0.0328087197957692
0.00319415330250385
0.0128813302834593
0.0239401532283266
0.00644093492733913
0.0243503662314645
0.0061963403500858
0.0285858188554258
0.00111245634525376
0.0480831628574723
0.0124546347972877
0.00217787454056019
0.133561091524021
0.00391718482960807
0.00395621819564847
0.0432017994640748
0.0159076963255944
0.0105851199348999
0.00866861635184741
0.00781525120568904
0.00159801344673647
0.0987452988311311
0.00452194799253052
0.000121807515615567
0.0285879393600503
0.00281582898807401
0.00838486229772649
0.00148057849727286
0.00808662783342924
0.0706719163543044
0.0023807659320825
0.00594721552235183
