0.00411660369815612
0.0201487293400822
0.00874828773856027
0.00536127601945923
0.0319421742946901
0.083952495328346
0.0247098303934249
0.096301304089709
0.00193656119097538
8.92560996571277e-07
0.0243976549747614
0.0434803952791184
0.000622782911161465
0.0315392080480791
0.0026627179731075
0.000135396917806723
8.84886439797885e-06
0.16098885458049
0.0128744669490113
0.0199613099049451
0.00276046322364236
0.0349646057897421
0.0720774673388482
0.000147501452093355
0.000147947678979021
0.000100180428349794
0.0611323819155671
0.00104992175543238
0.07661526506237
0.00160034305059087
0.00552118788241323
0.0709019184313764
0.11186449207153
0.0136963338684665
0.104294634886074
0.101498580527944
0.0301023281888018
0.00226049433568152
0.00898926066044366
0.000656317344657452
0.0411781062209475
0.0103412670118226
0.00165841359245312
0.000137451108184275
0.0108708780876122
0.0176758345857672
0.00390656121675939
0.030220525698758
0.0496716525574764
0.00496838849011903
0.00437388200439518
0.00710747780648927
0.0187850004778346
0.00964674026477738
0.00594666788584472
0.0051166931303489
0.00574977736398378
0.0510066896887817
0.00508749429048396
0.00999098435532946
0.00354400114391829
0.00957509949018992
0.0108271784058881
0.0120064034313024
5.85367216745238e-06
0.0185859129454083
0.00383297262369186
0.000723838284584731
0.00490481861372081
0.00312821526107554
0.0453632663237553
0.00210360473881623
0.00696620403968062
3.36256888904346e-05
0.0442233025279095
0.00305447981456741
0.0179528063780418
0.0335204236164888
0.0134395206594003
0.0455149912186387
0.053183591502658
0.00735912796582079
0.0251500941071205
0.0269360334858768
0.0509276119278463
0.0201860046839638
0.0119379342037649
0.00196843502302404
0.0528276697714376
0.0198389505510134
0.0192464700369338
0.0237367535755578
0.0574381859304512
0.0188909788111434
0.0116166843953651
0.0145794049761498
0.00740662882660789
1.90886208552661e-05
0.0125521255963655
0.00684511626095474
