0.0274294960189089
0.00941405347582257
0.0203849472207653
0.00365299363449236
0.0210478879103509
0.0139736368357413
0.0469019621010798
0.00873059235351404
7.65028045441552e-05
0.00191482827823275
0.00388053982331619
0.037050351338322
0.0423897316102723
0.065147788174023
0.0883879018212439
0.000588684854517296
0.011376314195079
5.73986827891045e-05
0.0232240455390262
0.0545876592079909
0.0228842733374745
0.0343203770872668
0.0278323737706129
0.00656684162532471
0.0124839610525896
0.00476662709274681
0.0268809184099906
0.0326214478395503
0.0129112683245892
0.00578272459238585
0.0051214799052839
0.0291588049372423
0.00031855853496706
0.000666206548724061
0.00197192394794247
0.000832832244371335
0.0398790642591424
0.000309787832096377
0.00334865429035083
0.000262276834996467
0.00806175606947424
0.00650335352926923
0.0338091555516
0.0308462353501019
0.0179986201825992
0.00464550804066828
0.0115548713936207
0.0536386364072356
0.0669749825153488
0.00247165983087507
0.0140245062269438
3.61670118249717e-07
0.00492371116707918
0.016398312023226
0.00111277951335116
0.00142362101652011
0.0139342218983775
0.00383989576335388
0.0111182231045098
0.000359310297823676
0.0203735172163766
0.0170690765571325
0.0150784290439214
0.00949292989098628
0.000630993301655696
0.0172373981280164
0.0449735945770259
0.0280290428887819
0.0230142676678918
1.21180433063907e-05
0.00861844680718757
0.0272507316925155
0.00105537712316104
0.00251412333947427
0.0141804915494497
0.0183099342158027
0.000195865544012289
0.0189937635177852
0.00104791558264455
0.0299423020594788
0.00168636160729396
0.0458351334497444
0.127631031632413
0.00825735680581605
0.013530212098967
0.000615461151824426
0.00919536657278307
0.0705959280121264
0.00381679162835899
0.098153827821244
0.000111280208574955
0.02594063433308
0.0628297933309739
0.0216882744514695
0.0258802455022505
0.000959535095853578
0.0574844307102118
0.00484847443325534
0.0810064006092399
0.00217776491862838
